name: llm_finetune_cp
channels:
  - conda-forge
  - defaults
dependencies:
  - asttokens=2.4.1=pyhd8ed1ab_0
  - bzip2=1.0.8=hcfcfb64_5
  - ca-certificates=2024.2.2=h56e8100_0
  - colorama=0.4.6=pyhd8ed1ab_0
  - comm=0.2.2=pyhd8ed1ab_0
  - debugpy=1.8.1=py310h00ffb61_0
  - decorator=5.1.1=pyhd8ed1ab_0
  - exceptiongroup=1.2.0=pyhd8ed1ab_2
  - executing=2.0.1=pyhd8ed1ab_0
  - importlib-metadata=7.1.0=pyha770c72_0
  - importlib_metadata=7.1.0=hd8ed1ab_0
  - ipykernel=6.29.3=pyha63f2e9_0
  - ipython=8.22.2=pyh7428d3b_0
  - jedi=0.19.1=pyhd8ed1ab_0
  - jupyter_client=8.6.1=pyhd8ed1ab_0
  - jupyter_core=5.7.2=py310h5588dad_0
  - libffi=3.4.2=h8ffe710_5
  - libgcc=13.2.0.2=h57928b3_1
  - libgomp=13.2.0.2=h57928b3_1
  - libsodium=1.0.18=h8d14728_1
  - libsqlite=3.43.0=hcfcfb64_0
  - libwinpthread=9.0.0.6454.b4445ee52.1=h57928b3_0
  - libzlib=1.2.13=hcfcfb64_5
  - matplotlib-inline=0.1.6=pyhd8ed1ab_0
  - nest-asyncio=1.6.0=pyhd8ed1ab_0
  - openssl=3.2.1=hcfcfb64_1
  - packaging=24.0=pyhd8ed1ab_0
  - parso=0.8.4=pyhd8ed1ab_0
  - pickleshare=0.7.5=py_1003
  - pip=23.2.1=pyhd8ed1ab_0
  - platformdirs=4.2.0=pyhd8ed1ab_0
  - prompt-toolkit=3.0.42=pyha770c72_0
  - psutil=5.9.8=py310h8d17308_0
  - pure_eval=0.2.2=pyhd8ed1ab_0
  - pygments=2.17.2=pyhd8ed1ab_0
  - python=3.10.12=h4de0772_0_cpython
  - python_abi=3.10=4_cp310
  - pywin32=306=py310h00ffb61_2
  - pyzmq=25.1.2=py310h2849c00_0
  - setuptools=68.2.2=pyhd8ed1ab_0
  - six=1.16.0=pyh6c4a22f_0
  - stack_data=0.6.2=pyhd8ed1ab_0
  - tk=8.6.13=h5226925_1
  - tornado=6.4=py310h8d17308_0
  - traitlets=5.14.2=pyhd8ed1ab_0
  - typing_extensions=4.11.0=pyha770c72_0
  - ucrt=10.0.22621.0=h57928b3_0
  - vc=14.3=hcf57466_18
  - vc14_runtime=14.38.33130=h82b7239_18
  - vs2015_runtime=14.38.33130=hcb4865c_18
  - wcwidth=0.2.13=pyhd8ed1ab_0
  - wheel=0.41.2=pyhd8ed1ab_0
  - xz=5.2.6=h8d14728_0
  - zeromq=4.3.5=h63175ca_1
  - zipp=3.17.0=pyhd8ed1ab_0
  - pip:
      - absl-py==2.0.0
      - accelerate==0.23.0
      - aiohttp==3.8.5
      - aiosignal==1.3.1
      - anyio==4.3.0
      - appdirs==1.4.4
      - async-timeout==4.0.3
      - attrs==23.1.0
      - bitsandbytes==0.41.1
      - certifi==2023.7.22
      - charset-normalizer==3.2.0
      - click==8.1.7
      - contourpy==1.2.1
      - cycler==0.12.1
      - datasets==2.9.0
      - dill==0.3.6
      - distro==1.9.0
      - docker-pycreds==0.4.0
      - evaluate==0.4.0
      - filelock==3.13.4
      - fonttools==4.51.0
      - frozenlist==1.4.0
      - fsspec==2023.6.0
      - gitdb==4.0.10
      - gitpython==3.1.37
      - h11==0.14.0
      - hjson==3.1.0
      - httpcore==1.0.5
      - httpx==0.27.0
      - huggingface-hub==0.22.2
      - idna==3.4
      - jinja2==3.1.3
      - joblib==1.3.2
      - kiwisolver==1.4.5
      - markupsafe==2.1.5
      - matplotlib==3.8.4
      - mpmath==1.3.0
      - multidict==6.0.4
      - multiprocess==0.70.14
      - networkx==3.3
      - ninja==1.11.1
      - nltk==3.8.1
      - numpy==1.26.4
      - openai==1.17.1
      - pandas==2.1.1
      - pathtools==0.1.2
      - peft==0.5.0
      - pillow==10.3.0
      - protobuf==4.24.3
      - py-cpuinfo==9.0.0
      - pyarrow==13.0.0
      - pydantic==1.10.13
      - pyparsing==3.1.2
      - python-dateutil==2.8.2
      - pytz==2023.3.post1
      - pyyaml==6.0.1
      - regex==2023.12.25
      - requests==2.31.0
      - responses==0.18.0
      - rouge-score==0.1.2
      - safetensors==0.4.2
      - scikit-learn==1.4.2
      - scipy==1.11.3
      - sentry-sdk==1.31.0
      - setproctitle==1.3.2
      - smmap==5.0.1
      - sniffio==1.3.1
      - sympy==1.12
      - threadpoolctl==3.4.0
      - tiktoken==0.6.0
      - tokenizers==0.13.3
      - torch==2.0.1
      - tqdm==4.66.1
      - transformers==4.33.3
      - tzdata==2023.3
      - urllib3==2.0.5
      - wandb==0.16.6
      - xxhash==3.3.0
      - yarl==1.9.2
prefix: C:\Users\maria\anaconda3\envs\llm_finetune_cp
